      0/49     7.71G      4.91      3.38      2.25      10.5        12       512     0.298      0.47     0.306     0.356      4.35      1.68      1.28
      1/49     7.72G       3.5       1.9      1.06      6.47        39       512     0.452     0.603     0.489     0.515      3.22      1.43      1.08
      2/49     7.72G      3.15      1.82     0.908      5.88        13       512     0.395      0.55     0.421     0.457      3.29      1.61      1.14
      3/49     7.72G      2.99      1.71      0.88      5.58        28       512     0.429     0.635     0.505     0.506      2.99      1.33      1.03
      4/49     7.72G      2.81      1.56     0.815      5.19        43       512      0.51     0.638     0.529     0.565      2.89      1.24      1.01
      5/49     7.72G      2.67      1.47     0.746      4.89        12       512     0.503     0.649      0.53     0.566      2.78      1.18      1.03
      6/49     7.72G       2.6      1.39     0.706       4.7        14       512     0.523     0.649     0.552     0.578       2.8      1.17      1.06
      7/49     7.72G      2.55      1.39      0.67       4.6        21       512     0.536      0.64     0.538     0.583      2.78      1.21      1.04
      8/49     7.72G      2.51      1.36     0.627       4.5        25       512     0.502     0.607     0.511     0.547      2.94      1.26      1.13
      9/49     7.72G      2.47      1.38     0.642      4.49        18       512     0.512     0.675     0.548     0.578      2.67       1.2      1.14
     10/49     7.72G      2.48      1.36     0.611      4.45        16       512      0.53     0.627     0.528     0.574       2.8      1.21      1.19
     11/49     7.72G      2.45      1.36     0.574      4.38        15       512     0.507     0.653     0.547      0.57       2.7      1.23       1.2
     12/49     7.72G       2.4      1.31     0.509      4.22        15       512     0.509     0.667      0.54     0.575      2.75      1.19      1.26
     13/49     7.72G      2.37       1.3     0.477      4.15        18       512     0.524     0.679     0.562     0.591      2.74       1.2      1.18
     14/49     7.72G      2.34      1.29     0.472       4.1        23       512     0.548     0.654     0.549     0.595      2.71       1.2      1.15
     15/49     7.72G      2.29      1.27     0.424      3.98         8       512     0.535     0.647     0.546     0.585      2.68      1.19      1.27
     16/49     7.72G      2.26      1.27     0.402      3.93        18       512     0.541     0.663     0.553     0.595      2.66       1.2      1.22
     17/49     7.72G      2.21      1.23     0.386      3.82        32       512     0.525     0.645      0.55     0.578      2.67       1.2      1.28
     18/49     7.72G      2.18      1.21     0.359      3.75        15       512     0.519     0.644     0.529     0.571      2.69       1.2      1.35
     19/49     7.72G      2.17      1.23     0.341      3.74        21       512     0.531     0.661     0.551     0.589      2.65      1.21      1.24
     20/49     7.72G      2.12      1.17     0.307       3.6        24       512     0.567     0.653     0.557     0.607      2.66      1.21      1.37
     21/49     7.72G      2.09      1.17     0.293      3.56        13       512     0.527     0.692     0.555     0.597      2.66      1.24      1.36
     22/49     7.72G      2.09      1.18     0.284      3.55        11       512     0.557     0.679     0.556     0.611      2.65      1.25       1.3
     23/49     7.72G      2.06      1.14      0.26      3.46        16       512     0.558     0.661     0.552     0.604      2.62      1.24      1.37
     24/49     7.72G      2.02      1.14     0.249      3.41        10       512     0.547     0.673     0.549     0.603      2.64      1.25      1.33
     25/49     7.72G      1.99      1.11     0.255      3.36        17       512     0.556     0.674     0.552     0.608      2.65      1.27      1.26
     26/49     7.72G      1.96      1.07     0.232      3.27         9       512     0.542     0.669      0.55     0.598      2.65      1.27      1.35
     27/49     7.72G      1.94      1.08     0.214      3.23        17       512     0.555     0.674     0.552     0.606      2.64      1.27      1.38
     28/49     7.72G      1.87      1.06     0.219      3.15        25       512      0.54      0.68     0.554     0.601      2.65      1.26      1.38
     29/49     7.72G      1.85      1.05     0.181      3.09        19       512     0.569     0.666     0.546     0.612      2.65      1.33       1.4
     30/49     7.72G      1.84      1.03     0.168      3.04        20       512     0.561     0.682     0.561     0.614      2.64      1.28      1.42
     31/49     7.72G      1.81      1.02     0.162      2.99        12       512     0.579     0.678     0.563     0.623      2.62      1.31      1.48
     32/49     7.72G      1.78      1.01     0.157      2.94        16       512     0.549     0.666     0.543       0.6      2.67      1.33      1.46
     33/49     7.72G      1.74     0.968     0.158      2.86        22       512     0.577     0.664     0.549     0.616      2.65      1.35      1.47
     34/49     7.72G      1.71     0.962     0.154      2.83        18       512     0.588     0.672     0.559     0.626      2.66      1.37      1.49
     35/49     7.72G       1.7     0.974     0.129      2.81        20       512     0.571     0.663     0.549     0.613      2.65      1.36      1.48
     36/49     7.72G      1.67     0.939     0.134      2.74        17       512     0.593     0.665      0.55     0.626      2.64      1.38      1.54
     37/49     7.72G      1.64     0.924     0.126      2.69         7       512     0.589     0.656     0.547      0.62      2.67       1.4      1.51
     38/49     7.72G      1.62      0.92     0.113      2.65        32       512      0.58     0.662      0.55     0.617      2.67      1.42      1.56
     39/49     7.72G       1.6     0.906     0.106      2.61        11       512     0.583     0.671     0.559     0.623      2.66      1.38      1.56
     40/49     7.72G      1.59     0.916     0.103      2.61        11       512     0.581     0.667      0.55      0.62      2.65      1.42      1.58
     41/49     7.72G      1.55     0.899    0.0954      2.54        19       512     0.582     0.662     0.547     0.618      2.65      1.42      1.57
     42/49     7.72G      1.55     0.878    0.0865      2.51        22       512     0.595      0.67     0.554     0.629      2.65      1.42      1.55
     43/49     7.72G      1.52     0.856    0.0977      2.47        21       512     0.589     0.659     0.542     0.621      2.65      1.43      1.57
     44/49     7.72G      1.51     0.879    0.0902      2.48        31       512     0.591     0.659     0.548     0.622      2.65      1.43      1.56
     45/49     7.72G      1.51     0.878    0.0926      2.48        18       512     0.593     0.664     0.551     0.626      2.64      1.44      1.59
     46/49     7.72G      1.48     0.863    0.0908      2.44        18       512     0.593     0.651     0.547      0.62      2.65      1.46      1.59
     47/49     7.72G      1.49     0.843    0.0905      2.42        34       512     0.587     0.665     0.551     0.622      2.64      1.46       1.6
     48/49     7.72G      1.46     0.829    0.0768      2.37        23       512     0.584     0.666     0.543     0.622      2.64      1.47      1.65
     49/49     7.72G      1.45     0.827    0.0753      2.35        14       512     0.584     0.655     0.546     0.616      2.65      1.47      1.63
