      0/49     7.71G       4.9      3.38      2.25      10.5        12       512     0.305     0.466     0.297     0.358      4.38      1.69      1.27
      1/49     7.72G      3.52       1.9      1.06      6.48        39       512     0.495     0.609      0.51     0.543       3.2      1.41      1.08
      2/49     7.72G      3.08      1.71     0.859      5.65        13       512     0.461     0.659       0.5      0.54      3.03      1.37      1.04
      3/49     7.72G      2.89       1.6     0.811       5.3        28       512     0.475     0.619     0.514     0.537      2.97      1.33      1.03
      4/49     7.72G      2.76      1.54      0.78      5.08        43       512     0.415     0.612     0.488     0.487      2.96      1.32      1.08
      5/49     7.72G      2.73      1.54     0.798      5.07        12       512      0.51      0.65     0.529     0.568      2.86       1.2      1.05
      6/49     7.72G      2.63      1.42      0.72      4.77        14       512     0.525     0.615     0.544     0.564      2.82      1.18      1.08
      7/49     7.72G      2.55      1.39      0.67      4.61        21       512     0.516     0.667     0.539     0.577      2.79      1.19      1.08
      8/49     7.72G       2.5      1.35     0.619      4.47        25       512     0.519     0.662     0.552     0.578      2.81      1.21      1.16
      9/49     7.72G      2.44      1.35     0.606       4.4        18       512     0.494     0.675     0.542     0.565      2.76      1.21      1.16
     10/49     7.72G      2.43      1.33     0.569      4.33        16       512     0.549     0.654     0.552     0.597      2.73      1.22      1.14
     11/49     7.72G      2.39      1.32     0.514      4.22        15       512     0.545     0.656     0.567     0.594      2.72      1.21      1.15
     12/49     7.72G      2.36      1.29     0.501      4.16        15       512     0.526     0.671     0.549     0.584      2.74      1.22      1.21
     13/49     7.72G      2.33      1.28     0.465      4.08        18       512      0.51     0.685     0.553     0.583      2.75       1.2      1.14
     14/49     7.72G      2.31      1.26     0.461      4.03        23       512     0.552     0.664     0.548     0.601      2.72      1.21      1.25
     15/49     7.72G      2.27      1.27     0.414      3.95         8       512     0.532      0.66     0.547     0.588      2.68      1.19      1.22
     16/49     7.72G      2.22      1.25      0.37      3.84        18       512      0.52     0.668      0.55     0.584      2.72      1.23      1.32
     17/49     7.72G      2.19      1.22      0.38      3.79        32       512      0.55     0.667     0.563     0.603      2.65      1.22      1.16
     18/49     7.72G      2.17      1.19     0.353      3.71        15       512     0.529     0.657     0.551     0.586      2.64      1.21      1.23
     19/49     7.72G      2.15      1.21     0.314      3.68        21       512     0.538     0.679     0.549       0.6      2.65      1.19      1.32
     20/49     7.72G      2.11      1.16     0.312      3.58        24       512     0.554     0.684     0.555     0.612      2.68      1.21      1.29
     21/49     7.72G      2.08      1.15     0.288      3.52        13       512     0.539     0.668      0.55     0.596      2.63      1.23      1.24
     22/49     7.72G      2.06      1.16      0.25      3.47        11       512     0.554      0.68     0.557      0.61      2.67      1.24      1.32
     23/49     7.72G      2.03      1.12     0.244      3.39        16       512     0.549     0.682      0.56     0.606      2.62      1.24      1.34
     24/49     7.72G      1.99      1.12     0.225      3.34        10       512     0.568     0.679     0.551     0.619      2.65      1.29      1.34
     25/49     7.72G      1.97       1.1     0.237       3.3        17       512      0.55     0.677     0.561     0.606      2.64      1.26      1.35
     26/49     7.72G      1.95      1.06     0.234      3.25         9       512     0.554     0.662     0.537     0.602      2.66      1.29       1.4
     27/49     7.72G      1.92      1.07     0.209      3.19        17       512     0.566     0.679     0.558     0.615      2.64      1.26       1.4
     28/49     7.72G      1.85      1.05     0.206      3.11        25       512     0.553      0.66     0.553       0.6      2.67      1.28      1.42
