      0/49     3.92G      4.46      14.8      2.35      21.6        58        64         0         0  0.000219         0      5.56      10.3      1.81
      1/49     3.92G      4.16      9.02      1.64      14.8        77        64    0.0273   0.00199   0.00145   0.00261      5.23      7.61      1.52
      2/49     3.92G      4.02       7.9      1.51      13.4        61        64   0.00199    0.0023  0.000815   0.00212      5.51      6.67      3.77
      3/49     3.92G      4.26      7.24       1.4      12.9        57        64    0.0115    0.0248   0.00182    0.0154      4.68      6.05      1.63
      4/49     3.92G      3.53      6.78      1.26      11.6        64        64     0.013    0.0229   0.00199    0.0161      4.21      5.84      1.28
      5/49     3.92G      3.46      6.46      1.21      11.1        59        64    0.0114    0.0227   0.00166    0.0146      3.94      5.56      1.22
      6/49     3.92G       3.3      6.26      1.12      10.7        88        64    0.0156    0.0333   0.00265    0.0201      3.95       5.4      1.49
      7/49     3.92G      3.32      5.95      1.05      10.3        49        64    0.0119    0.0213   0.00202    0.0149       3.8      4.93      1.12
      8/49     3.92G      3.53      5.63      1.21      10.4        75        64    0.0191    0.0261   0.00298    0.0212      3.94       4.7      1.29
      9/49     3.92G      3.17      5.34      1.03      9.54        48        64    0.0191    0.0301   0.00367    0.0227       3.6      4.54      1.62
     10/49     3.92G      3.16      5.08     0.967       9.2        64        64    0.0177    0.0316   0.00269    0.0219      3.74       4.3      1.27
     11/49     3.92G      2.97      5.01     0.952      8.93        58        64    0.0209    0.0297   0.00439    0.0238      3.52      4.16      1.16
     12/49     3.92G      3.05      4.83      1.21       9.1        50        64     0.023    0.0285   0.00346    0.0248      3.62      4.16      1.51
     13/49     3.92G       3.1      4.75     0.944      8.79        80        64    0.0261    0.0345   0.00496    0.0287       3.6      4.12      2.31
     14/49     3.92G      3.04      4.72     0.891      8.65        64        64    0.0223    0.0357    0.0035    0.0264      3.53      4.07      2.03
     15/49     3.92G      2.87      4.81     0.925      8.61        59        64    0.0293    0.0414   0.00656     0.033      3.48      4.09      1.23
     16/49     3.92G      2.87      4.75      0.94      8.57        52        64    0.0284    0.0387   0.00529    0.0312      3.46      4.07      1.19
     17/49     3.92G      2.97      4.72      0.93      8.62        54        64     0.031    0.0394   0.00575    0.0333      3.44      4.11      1.55
     18/49     3.92G      2.72      4.72         1      8.44        65        64    0.0279    0.0382   0.00567    0.0315      3.39      4.14      2.88
     19/49     3.92G      2.91      4.68      1.04      8.63        47        64    0.0342    0.0457   0.00586    0.0384      3.41      4.16      4.46
     20/49     3.92G      2.77      4.78       0.9      8.44        63        64    0.0329    0.0433    0.0058    0.0363      3.43      4.14      4.41
     21/49     3.92G      2.76      4.63     0.927      8.32        62        64    0.0361    0.0456   0.00789    0.0393      3.36       4.1      3.37
     22/49     3.92G      2.76      4.76     0.863      8.38        48        64    0.0318    0.0422   0.00605    0.0355      3.36      4.09      2.01
     23/49     3.92G      2.76      4.65     0.823      8.24        39        64    0.0325    0.0443   0.00678    0.0365      3.33      4.12      1.71
     24/49     3.92G      2.89      4.63     0.816      8.34        57        64    0.0386    0.0471    0.0071    0.0414      3.31       4.1      1.98
     25/49     3.92G      2.84      4.59     0.889      8.32        61        64    0.0313    0.0382   0.00523    0.0337      3.35      4.18      1.11
     26/49     3.92G      2.69      4.64     0.845      8.18        55        64    0.0354    0.0443   0.00667    0.0385      3.27      4.12      1.12
     27/49     3.92G      2.62      4.66     0.815       8.1        82        64    0.0359    0.0409   0.00548    0.0371      3.31      4.13      1.29
     28/49     3.92G      2.68      4.55     0.791      8.02        67        64    0.0371    0.0447   0.00732    0.0393      3.25      4.16      0.95
     29/49     3.92G      2.72       4.6     0.817      8.14        48        64    0.0366    0.0472   0.00727    0.0401      3.29      4.13      1.06
     30/49     3.92G      2.74      4.61     0.796      8.15        61        64    0.0359    0.0419   0.00696    0.0376      3.24      4.14      1.18
     31/49     3.92G      2.59      4.66     0.805      8.05        70        64    0.0359    0.0454   0.00625    0.0391      3.24      4.11      1.08
     32/49     3.92G      2.61      4.52     0.767       7.9        75        64    0.0396    0.0482   0.00852    0.0426      3.27      4.13      1.29
     33/49     3.92G      2.55      4.48      0.75      7.78        63        64    0.0357    0.0436   0.00695    0.0384      3.25      4.16      1.01
     34/49     3.92G      2.68      4.72     0.738      8.14        56        64    0.0355    0.0435   0.00847    0.0379      3.23      4.12      1.42
     35/49     3.92G      2.69      4.53      0.73      7.95        52        64    0.0343    0.0433   0.00631    0.0377      3.25      4.13      1.34
     36/49     3.92G      2.61      4.57     0.745      7.92        61        64    0.0324     0.042   0.00693    0.0358      3.24      4.16      1.31
     37/49     3.92G      2.59      4.51     0.736      7.83       100        64    0.0396    0.0485   0.00854    0.0426      3.21      4.17      1.37
     38/49     3.92G      2.37      4.45     0.756      7.57        65        64    0.0362    0.0434   0.00766    0.0385      3.21      4.14      1.26
     39/49     3.92G      2.72      4.47      1.13      8.31        64        64    0.0357    0.0428   0.00707    0.0381      3.21      4.18     0.931
     40/49     3.92G      2.47      4.41     0.757      7.64        63        64    0.0398    0.0483   0.00873    0.0426      3.19      4.16     0.926
     41/49     3.92G      2.47      4.42     0.759      7.65        62        64    0.0379    0.0465   0.00823     0.041      3.19      4.18     0.932
     42/49     3.92G      2.63      4.46     0.765      7.85        58        64    0.0372    0.0435   0.00733    0.0394      3.18       4.2     0.937
     43/49     3.92G      2.57      4.37     0.731      7.66        55        64    0.0365    0.0458   0.00732    0.0396      3.18      4.18      0.93
     44/49     3.92G      2.51      4.53     0.717      7.75        77        64    0.0377    0.0492   0.00775    0.0418      3.18      4.17     0.932
     45/49     3.92G      2.51      4.34     0.788      7.64        63        64    0.0392    0.0491   0.00836    0.0426      3.17      4.17     0.937
     46/49     3.92G      2.42      4.43     0.701      7.56        68        64    0.0398    0.0506   0.00858    0.0436      3.18      4.16     0.938
     47/49     3.92G      2.37      4.46     0.755      7.59        64        64    0.0399    0.0521   0.00885    0.0442      3.17      4.17     0.932
     48/49     3.92G      2.41      4.41     0.751      7.57        59        64    0.0409    0.0507   0.00899    0.0445      3.17      4.19      0.93
    49/299      3.3G      2.86      4.53       1.5      8.89        58        64    0.0306     0.042   0.00658    0.0344       3.5      4.14      5.59
    50/299      3.3G      2.69      4.53     0.833      8.05        77        64    0.0331    0.0437   0.00502    0.0366      3.48      4.09      8.74
    51/299      3.3G      2.78       4.5      0.83      8.11        61        64    0.0337    0.0424   0.00533    0.0365      3.37      4.19      8.11
    52/299      3.3G      2.95      4.44     0.838      8.23        57        64    0.0371    0.0476   0.00685    0.0401      3.37      4.07      4.33
    53/299      3.3G      2.59      4.47      0.79      7.85        64        64    0.0392    0.0476   0.00704    0.0416      3.35       4.2      4.59
    54/299      3.3G      2.64      4.45     0.788      7.88        59        64    0.0391     0.048   0.00682    0.0419      3.41       4.1      4.08
    55/299      3.3G      2.61      4.52     0.763      7.89        88        64     0.037    0.0522   0.00739    0.0425      3.33       4.2      7.93
    56/299      3.3G      2.71      4.47     0.707      7.88        49        64    0.0319    0.0454   0.00509    0.0364      3.37      4.13      1.96
    57/299      3.3G         3      4.45         1      8.45        75        64    0.0377    0.0422    0.0066     0.039      3.48      4.19      2.45
    58/299      3.3G       2.7      4.42     0.744      7.87        48        64    0.0407    0.0547   0.00817    0.0457      3.31      4.19         4
    59/299      3.3G      2.69      4.39     0.794      7.88        64        64    0.0313    0.0409   0.00501    0.0348      3.34      4.14      1.57
    60/299      3.3G      2.51      4.52     0.704      7.73        58        64    0.0374    0.0478   0.00695    0.0412      3.31      4.17      2.33
    61/299      3.3G      2.68      4.39     0.769      7.84        50        64    0.0317    0.0434   0.00515    0.0354      3.35      4.27      2.12
    62/299      3.3G      2.69      4.36      0.75       7.8        80        64    0.0331    0.0441    0.0063    0.0368      3.33      4.27      3.87
    63/299      3.3G      2.69       4.3     0.702      7.69        64        64    0.0357    0.0492    0.0063    0.0402      3.31      4.18      3.19
    64/299      3.3G      2.52      4.39     0.708      7.61        59        64    0.0406    0.0491   0.00679    0.0435       3.3      4.19      2.95
    65/299      3.3G      2.56      4.34     0.719      7.62        52        64    0.0365    0.0512   0.00729    0.0413      3.33      4.15      3.34
    66/299      3.3G       2.7      4.32     0.747      7.77        54        64    0.0393    0.0456   0.00609    0.0413      3.26      4.17      3.33
    67/299      3.3G      2.44      4.33      1.12      7.89        65        64    0.0338    0.0456   0.00657    0.0381      3.29      4.24      4.48
    68/299      3.3G      2.66      4.32     0.756      7.73        47        64      0.04    0.0509   0.00713     0.044      3.27      4.18      6.42
    69/299      3.3G      2.51      4.35     0.709      7.57        63        64     0.044    0.0534   0.00832    0.0476      3.31      4.21      4.12
    70/299      3.3G      2.48      4.25     0.713      7.44        62        64    0.0418    0.0568   0.00838    0.0467      3.26      4.21      4.45
    71/299      3.3G      2.52      4.38     0.678      7.58        48        64    0.0391    0.0557   0.00706    0.0446      3.29      4.15      5.04
    72/299      3.3G      2.53      4.32     0.673      7.51        39        64    0.0395    0.0496   0.00761    0.0431       3.3      4.19      4.36
    73/299      3.3G      2.69      4.28     0.664      7.63        57        64    0.0424    0.0578   0.00813     0.048      3.24      4.15      5.78
    74/299      3.3G      2.64      4.25     0.716      7.61        61        64    0.0415    0.0532   0.00794    0.0453      3.24      4.21         3
    75/299      3.3G      2.49       4.3     0.702      7.49        55        64    0.0382    0.0474   0.00705    0.0414      3.26      4.21      4.29
    76/299      3.3G      2.45      4.29     0.679      7.42        82        64    0.0422    0.0538   0.00811     0.046      3.25      4.23      5.23
    77/299      3.3G      2.49      4.23     0.651      7.37        67        64    0.0394    0.0502   0.00723    0.0431      3.25      4.21      3.09
    78/299      3.3G      2.58      4.28     0.659      7.52        48        64    0.0376    0.0542    0.0068    0.0428      3.27      4.11       5.1
    79/299      3.3G       2.6       4.3     0.661      7.57        61        64    0.0368    0.0465   0.00656    0.0399      3.22      4.15      6.28
    80/299      3.3G      2.43      4.36     0.675      7.47        70        64     0.041    0.0548   0.00869    0.0462      3.24      4.16      5.13
    81/299      3.3G      2.46      4.24     0.645      7.34        75        64    0.0408    0.0538   0.00786     0.045      3.26      4.18      6.24
    82/299      3.3G      2.42      4.22     0.622      7.26        63        64    0.0381    0.0492   0.00941    0.0419       3.3      4.19      4.02
    83/299      3.3G      2.58      4.38     0.611      7.57        56        64    0.0425    0.0502   0.00885    0.0443      3.23      4.21      5.43
    84/299      3.3G      2.57      4.31     0.609      7.49        52        64    0.0391    0.0515   0.00813    0.0433      3.28      4.15      5.33
    85/299      3.3G      2.51      4.29     0.633      7.43        61        64    0.0419    0.0492    0.0101    0.0438      3.24      4.27      4.63
    86/299     1.72G      5.73      4.32      5.69      15.7        68       128    0.0774     0.165    0.0386     0.103      5.78      3.12      5.05
    87/299     1.72G      5.61         4      2.87      12.5        89       128    0.0857     0.179    0.0491     0.113      5.72      3.03      2.15
    88/299     1.73G      5.52      3.95      1.86      11.3        79       128    0.0938     0.182    0.0485     0.121      5.66      3.02      1.75
    89/299     1.73G      5.46      3.86      1.44      10.8        76       128    0.0962     0.197     0.054     0.126      5.64      2.98      1.51
    90/299     1.73G      5.36      3.91      1.44      10.7        76       128    0.0963      0.19    0.0539     0.125       5.6      2.99      1.58
    91/299     1.73G      5.32      3.91      1.36      10.6        96       128     0.102     0.197    0.0544     0.132      5.58      2.96      1.63
    92/299     1.73G      5.39      3.85      1.55      10.8        98       128     0.104     0.199    0.0566     0.134      5.58      2.94      1.67
    93/299     1.73G       5.3      3.84      1.21      10.3        71       128     0.105     0.201    0.0538     0.134      5.57      2.93      1.57
    94/299     1.73G      5.25      3.79      1.26      10.3        92       128     0.111     0.206    0.0661     0.141      5.56      2.93       1.5
    95/299     1.73G      5.23      3.74      1.21      10.2        93       128     0.114     0.217    0.0644     0.147      5.54      2.92      1.42
    96/299     1.73G       5.1      3.74      1.22      10.1       112       128     0.109     0.215    0.0575     0.143      5.52      2.95      1.65
    97/299     1.73G       5.3      3.79      1.14      10.2        95       128      0.11      0.22     0.066     0.144       5.5      2.92      1.81
    98/299     1.73G      5.13      3.68      1.14      9.95        94       128     0.116     0.219    0.0609     0.149       5.5      2.93      1.56
    99/299     1.73G      5.02      3.66      1.05      9.73       107       128     0.113     0.215    0.0568     0.145       5.5      2.94      1.56
   100/299     1.73G      5.19       3.6      1.13      9.92        70       128     0.119     0.221    0.0714     0.153      5.48      2.96      1.54
   101/299     1.73G      5.11      3.68      1.05      9.85        53       128     0.116     0.216    0.0645     0.149      5.49      2.92      1.81
   102/299     1.73G      5.03      3.61      1.02      9.66        72       128     0.117     0.222     0.063     0.151      5.46      2.93      1.54
   103/299     1.73G      5.01      3.65       1.1      9.76        86       128     0.117     0.216    0.0689     0.151      5.46      2.96      1.52
   104/299     1.73G      5.08      3.62      1.03      9.72       101       128     0.116      0.22    0.0663     0.149      5.48      2.94      1.59
   105/299     1.73G      5.11      3.62      1.01      9.74        57       128      0.12      0.23    0.0748     0.156      5.45      2.94       1.7
   106/299     2.09G      5.74      2.17      1.27      9.18        27       256     0.206     0.433     0.166     0.277      5.67      1.44      1.27
   107/299     2.09G      5.52      2.18      1.16      8.85        58       256     0.217     0.433     0.192     0.287      5.32      1.64      1.17
   108/299     2.09G      5.32      2.26      1.09      8.67        38       256     0.212     0.453       0.2     0.287      5.17      1.69      1.15
   109/299     2.09G       5.3      2.26     0.995      8.55        73       256     0.197     0.463     0.205     0.275       5.2      1.65      1.13
   110/299     2.09G      5.23      2.24      1.05      8.51        37       256     0.207     0.463     0.197     0.285      5.16      1.66      1.13
   111/299     2.09G      5.24       2.2         1      8.44        45       256      0.21     0.457     0.228     0.287      5.21      1.62      1.13
   112/299     2.09G      5.21       2.2     0.981      8.39        25       256     0.212     0.462     0.222      0.29      5.13      1.65      1.11
   113/299     2.09G      5.18      2.22     0.963      8.36        29       256      0.21     0.453     0.204     0.286      5.13      1.63      1.12
   114/299     2.09G      5.17      2.14     0.953      8.26        39       256     0.209     0.462     0.213     0.287      5.12      1.63       1.1
   115/299     2.09G      5.15      2.19      0.94      8.28        77       256     0.209     0.471     0.216     0.289      5.08      1.64       1.1
   116/299     2.09G      5.12      2.14     0.894      8.15        66       256     0.206      0.46     0.216     0.284      5.07      1.64       1.1
   117/299     2.09G      5.15      2.11     0.928      8.19        61       256     0.212     0.478     0.229     0.294      5.08      1.64      1.11
   118/299     2.09G      5.12      2.11     0.909      8.14        35       256     0.211     0.469     0.212      0.29      5.08      1.62      1.08
   119/299     2.09G       5.1       2.1     0.924      8.13        24       256     0.211     0.456       0.2     0.288      5.08      1.63       1.1
   120/299     2.09G      5.09       2.1     0.873      8.06        43       256     0.214     0.471     0.223     0.294      5.06      1.64      1.07
   121/299     2.09G      5.08      2.08     0.847      8.01        50       256     0.216     0.477     0.216     0.297      5.08      1.63      1.09
   122/299     2.09G      5.06      2.05     0.855      7.96        46       256     0.213     0.475     0.233     0.293      5.06      1.63      1.12
   123/299     2.09G      5.03      2.08     0.865      7.97        32       256     0.202      0.46     0.201      0.28       5.1       1.6      1.11
   124/299     2.09G      5.07      2.05     0.834      7.95        52       256     0.205     0.467     0.205     0.285      5.07      1.61      1.12
   125/299     2.09G      5.02      2.06      0.81      7.89        49       256     0.214     0.472     0.213     0.295      5.06      1.61       1.1
   126/299     2.09G      5.03      2.07     0.775      7.88        31       256     0.214     0.466     0.208     0.292      5.03      1.64      1.12
   127/299     2.09G      5.02      2.03      0.78      7.82        21       256     0.201     0.472     0.217     0.282      5.08      1.61      1.14
   128/299     2.09G      5.03      2.02     0.786      7.84        57       256     0.205     0.481      0.23     0.287      5.05      1.64      1.16
   129/299     2.09G      5.02      2.04     0.758      7.82        26       256     0.211     0.472     0.213     0.291      5.06      1.62      1.15
   130/299     2.09G      5.01      1.98     0.726      7.71        44       256     0.216     0.476     0.227     0.297      5.06      1.62      1.12
   131/299     2.09G         5      2.05     0.716      7.77        46       256     0.212     0.486     0.222     0.295      5.02      1.63      1.13
   132/299     2.09G      4.99         2     0.753      7.74        41       256     0.213     0.482     0.207     0.295      5.02      1.62      1.16
   133/299     2.09G      4.95         2     0.731      7.69        30       256     0.212     0.478     0.217     0.293      5.04      1.64      1.15
   134/299     2.09G      4.98      2.02     0.751      7.75        40       256     0.207     0.484     0.225      0.29      5.04      1.62      1.16
   135/299     2.09G      4.97      1.98     0.702      7.65        39       256     0.214     0.466     0.219     0.292      5.04      1.64      1.16
   136/299     2.09G      4.96      2.02     0.684      7.66        54       256     0.212     0.476     0.227     0.293      5.03      1.62      1.15
   137/299     2.09G      4.96      1.94     0.713       7.6        32       256     0.216     0.465     0.213     0.295      5.04      1.63      1.18
   138/299     2.09G      4.94      1.99     0.701      7.64        64       256     0.217     0.463     0.231     0.296      5.03      1.66      1.17
   139/299     2.09G      4.93      1.98     0.696      7.61        53       256     0.212      0.48      0.24     0.294      5.01      1.64      1.16
   140/299     2.09G      4.94      1.98      0.67      7.58        69       256     0.215     0.471     0.232     0.295      5.02      1.64      1.16
   141/299     2.09G      4.93      1.94     0.676      7.55        26       256     0.213     0.474     0.234     0.293      5.03      1.64      1.17
   142/299     2.09G      4.91      1.95     0.679      7.54        37       256     0.219     0.476     0.233       0.3      5.01      1.65      1.16
   143/299     2.09G      4.92      1.95     0.668      7.54        32       256     0.213     0.469      0.23     0.293      5.03      1.64      1.18
   144/299     2.09G      4.93      1.93     0.645      7.51        44       256     0.211     0.481     0.237     0.293      5.01      1.65      1.21
   145/299     2.09G      4.91      1.91     0.645      7.47        43       256     0.216     0.474     0.233     0.296      5.02      1.66      1.19
   146/299     2.09G      4.89      1.91     0.624      7.43        35       256     0.211     0.469     0.226     0.291      5.02      1.65      1.23
   147/299     2.09G      4.86      1.91      0.61      7.38        35       256     0.211     0.476     0.233     0.292      5.01      1.65       1.2
   148/299     2.09G      4.87      1.93     0.599       7.4        41       256     0.207     0.475     0.241     0.288      5.01      1.64      1.22
   149/299     2.09G      4.85       1.9       0.6      7.35        57       256     0.212     0.469     0.233     0.292      5.01      1.65      1.21
   150/299     2.09G      4.87       1.9     0.601      7.37        40       256     0.208     0.477     0.223     0.289      5.02      1.65      1.24
   151/299     2.09G      4.88      1.88     0.613      7.37        43       256     0.209     0.469     0.231     0.289      5.01      1.66      1.24
   152/299     2.09G      4.86      1.91     0.607      7.37        32       256     0.207     0.477     0.231     0.289      5.03      1.65      1.24
   153/299     2.09G      4.88      1.89     0.576      7.35        24       256     0.219     0.478     0.244       0.3      5.01      1.64      1.22
   154/299     4.17G       4.8      1.34     0.856      6.99        21       448      0.25     0.564       0.3     0.346      4.84      0.83      1.15
   155/299     4.17G      4.71      1.28     0.762      6.75        44       448     0.256     0.585     0.349     0.355      4.82     0.822      1.13
   156/299     4.17G      4.69      1.28     0.785      6.76        53       448     0.246      0.58     0.337     0.346       4.8     0.818      1.13
   157/299     4.17G      4.68      1.26     0.734      6.67        36       448     0.266     0.577     0.357     0.363      4.77     0.819      1.11
   158/299     5.09G      4.61      1.15     0.742       6.5        60       512     0.255     0.582     0.342     0.354      4.75     0.683      1.15
   159/299     5.09G       4.6      1.13     0.706      6.43        50       512     0.268     0.583      0.36     0.367      4.71     0.681      1.13
   160/299     5.09G      4.45      1.14     0.594      6.18        60       512     0.248     0.585     0.339     0.348      4.76     0.682      1.17
   161/299     5.09G      4.45      1.12      0.56      6.13        50       512     0.265     0.589     0.363     0.365      4.72      0.68      1.19
   162/299     5.09G      4.54      1.12      0.65      6.31        31       512     0.253     0.586     0.336     0.352      4.72     0.678      1.18
   163/299     5.09G      4.53      1.12      0.67      6.32        25       512     0.259     0.577     0.322     0.357      4.74      0.68      1.18
   164/299     5.09G      4.52       1.1     0.651      6.27        42       512     0.262     0.576      0.35     0.359      4.71     0.681      1.15
   165/299     5.09G      4.51      1.14     0.641      6.29        40       512     0.255     0.574     0.351     0.352      4.68      0.68      1.17
   166/299     5.09G      4.51      1.12      0.65      6.29        34       512     0.242      0.57     0.318     0.339      4.72     0.678      1.21
   167/299     5.09G      4.48      1.12     0.642      6.24        59       512     0.259     0.576     0.363     0.357      4.69     0.679      1.14
   168/299     5.09G      4.47      1.12     0.603       6.2        29       512     0.268     0.591     0.355     0.367       4.7     0.675      1.17
   169/299     5.09G      4.48      1.11     0.605      6.19        39       512     0.266      0.57     0.331     0.361      4.72     0.676      1.18
   170/299     5.09G      4.43      1.11     0.557       6.1        31       512     0.262     0.594     0.364     0.363       4.7     0.674      1.19
   171/299     5.09G      4.44      1.12      0.56      6.12        51       512     0.259     0.593     0.348      0.36       4.7     0.677      1.21
   172/299     5.09G      4.44      1.11      0.56      6.12        31       512     0.249     0.588     0.344     0.349      4.69     0.677      1.21
   173/299     5.09G      4.42      1.09     0.547      6.06        57       512     0.261     0.591     0.367     0.362      4.68     0.676      1.21
   174/299     5.09G      4.28      1.09     0.465      5.84        60       512     0.248     0.578     0.349     0.347      4.73      0.68      1.24
   175/299     5.09G      4.28      1.08     0.445      5.81        50       512     0.255     0.593     0.368     0.356       4.7     0.678      1.26
